Totals
EDMD 1000 8.406 8.690 8.636 8.577
DDE 1000 6.932, 7.018, 7.109 7.020
EDMD 1500 8.157, 8.28, 8.424 8.287
DDE 1500 6.859, 6.816, 6.947 6.874
EDMD 2500 8.271, 8.491, 8.692 8.485
DDE 2500 7.059, 6.866, 6.921 6.949
EDMD 5000 8.432, 8.371, 8.411 8.405
DDE 5000 7.034, 6.951 ,6.650 6.878
EDMD 10000 8.539, 8.695, 8.653 8.629
DDE 10000 6.628, 6.796, 6.693 6.706
EDMD 25000 8.945, 8.910, 8.790 8.882
DDE 25000 6.547, 6.551, 6.580 6.559

MAX

EDMD 1000  0.0169, 0.0181, 0.0171 0.0174
DDE 1000  0.0127, 0.0154, 0.0151 0.0144
EDMD 1500  0.0175, 0.01670, 0.0185 0.0176
DDE 1500  0.0181, 0.0195, 0.0137 0.0171
EDMD 2500  0.0184, 0.0200, 0.0185 0.0190
DDE 2500  0.0156, 0.0189 ,0.0149 0.0165
EDMD 5000  0.0226, 0.0242, 0.0275 0.0248
DDE 5000  0.0148, 0.0133, 0.0199 0.016
EDMD 10000 0.0351, 0.0302, 0.0381 0.0345
DDE 10000  0.0200, 0.0159, 0.0184 0.0181
EDMD 25000 0.0424, 0.040, 0.0389 0.0404
DDE 25000 0.0247, 0.0242, 0.0225 0.0238